0	0.00013514
0.05	0.000562323
0.1	0.00130716
0.15	0.00238475
0.2	0.00379864
0.25	0.00554029
0.3	0.00758906
0.35	0.00991273
0.4	0.0124685
0.45	0.0152045
0.5	0.0180616
0.55	0.0209757
0.6	0.0238799
0.65	0.026707
0.7	0.0293918
0.75	0.0318736
0.8	0.0340979
0.85	0.036018
0.9	0.0375967
0.95	0.0388068
1	0.0396317
1.05	0.0400653
1.1	0.0401119
1.15	0.0397851
1.2	0.0391071
1.25	0.0381071
1.3	0.0368203
1.35	0.0352857
1.4	0.0335456
1.45	0.0316431
1.5	0.0296212
1.55	0.0275219
1.6	0.0253843
1.65	0.0232445
1.7	0.0211347
1.75	0.0190828
1.8	0.017112
1.85	0.015241
1.9	0.013484
1.95	0.0118509
2	0.0103476
2.05	0.0089768
2.1	0.00773784
2.15	0.0066277
2.2	0.00564124
2.25	0.00477177
2.3	0.00401142
2.35	0.00335159
2.4	0.00278329
2.45	0.00229741
2.5	0.00188499
2.55	0.00153739
2.6	0.00124646
2.65	0.00100464
2.7	0.000804994
2.75	0.000641264
2.8	0.000507874
2.85	0.000399909
2.9	0.000313088
2.95	0.000243713
3	0.00018863
3.05	0.000145169
3.1	0.000111089
3.15	8.45318e-05
3.2	6.39622e-05
3.25	4.81272e-05
3.3	3.60106e-05
3.35	2.67947e-05
3.4	1.98269e-05
3.45	1.459e-05
3.5	1.06771e-05
3.55	7.77072e-06
3.6	5.62446e-06
3.65	4.04874e-06
3.7	2.89857e-06
3.75	2.06385e-06
3.8	1.46153e-06
3.85	1.02939e-06
3.9	7.211e-07
3.95	5.02415e-07
4	3.48165e-07
4.05	2.39976e-07
4.1	1.64518e-07
4.15	1.12184e-07
4.2	7.60881e-08
4.25	5.13311e-08
4.3	3.44449e-08
4.35	2.29908e-08
4.4	1.5264e-08
4.45	1.00804e-08
4.5	6.62184e-09
4.55	4.32692e-09
4.6	2.81242e-09
4.65	1.81838e-09
4.7	1.1695e-09
4.75	7.48208e-10
4.8	4.76167e-10
4.85	3.01448e-10
4.9	1.89838e-10
4.95	1.18926e-10
5	7.41132e-11
5.05	4.59452e-11
5.1	2.83344e-11
5.15	1.73828e-11
5.2	1.06087e-11
5.25	6.44076e-12
5.3	3.89003e-12
5.35	2.33728e-12
5.4	1.39704e-12
5.45	8.30722e-13
5.5	4.91416e-13
5.55	2.89196e-13
5.6	1.69312e-13
5.65	9.86132e-14
5.7	5.71399e-14
5.75	3.29383e-14
5.8	1.88896e-14
5.85	1.07772e-14
5.9	6.11716e-15
5.95	3.4543e-15
6	1.94061e-15
6.05	1.08463e-15
6.1	6.03112e-16
6.15	3.33646e-16
6.2	1.83631e-16
6.25	1.0055e-16
6.3	5.47764e-17
6.35	2.96882e-17
6.4	1.60086e-17
6.45	8.58827e-18
6.5	4.58395e-18
6.55	2.43421e-18
6.6	1.28606e-18
6.65	6.76009e-19
6.7	3.53535e-19
6.75	1.83951e-19
6.8	9.52275e-20
6.85	4.90474e-20
6.9	2.51341e-20
6.95	1.28146e-20
7	6.50049e-21
7.05	3.28083e-21
7.1	1.64748e-21
7.15	8.23111e-22
7.2	4.09164e-22
7.25	2.02367e-22
7.3	9.95835e-23
7.35	4.87573e-23
7.4	2.37519e-23
7.45	1.15124e-23
7.5	5.55192e-24
7.55	2.66397e-24
7.6	1.27183e-24
7.65	6.04143e-25
7.7	2.85539e-25
7.75	1.34278e-25
7.8	6.28291e-26
7.85	2.92506e-26
7.9	1.35496e-26
7.95	6.24508e-27
8	2.86398e-27
8.05	1.30684e-27
8.1	5.93335e-28
8.15	2.68041e-28
8.2	1.20483e-28
8.25	5.38862e-29
8.3	2.39804e-29
8.35	1.06185e-29
8.4	4.6784e-30
8.45	2.05099e-30
8.5	8.94666e-31
8.55	3.8832e-31
8.6	1.67708e-31
8.65	7.20692e-32
8.7	3.08164e-32
8.75	1.31114e-32
8.8	5.55081e-33
8.85	2.3383e-33
8.9	9.80131e-34
8.95	4.08797e-34
9	1.69657e-34
9.05	7.00616e-35
9.1	2.87893e-35
9.15	1.17713e-35
9.2	4.78923e-36
9.25	1.93888e-36
9.3	7.8106e-37
9.35	3.13088e-37
9.4	1.24881e-37
9.45	4.95652e-38
9.5	1.95754e-38
9.55	7.69296e-39
9.6	3.00837e-39
9.65	1.17066e-39
9.7	4.53274e-40
9.75	1.74638e-40
9.8	6.69616e-41
9.85	2.55449e-41
9.9	9.69861e-42
9.95	3.66147e-42
10	1.37655e-42
10.05	5.14339e-43
10.1	1.91445e-43
10.15	7.11076e-44
10.2	2.62856e-44
10.25	9.72255e-45
10.3	3.48705e-45
10.35	1.26231e-45
10.4	4.58351e-46
10.45	1.71001e-46
10.5	6.07281e-47
10.55	2.16932e-47
10.6	1.00092e-47
10.65	2.2788e-48
10.7	1.3152e-48
10.75	2.15117e-50
10.8	3.09662e-49
10.85	1.69452e-49
10.9	8.34993e-50
10.95	2.10003e-49
11	4.70315e-49
11.05	1.51558e-48
11.1	5.39518e-49
11.15	8.52598e-49
11.2	6.47507e-51
11.25	2.38876e-52
11.3	2.55921e-53
11.35	1.06686e-48
11.4	6.29548e-52
11.45	2.991e-49
11.5	4.20519e-49
11.55	1.94825e-52
11.6	7.6042e-50
11.65	3.85229e-51
11.7	4.98404e-51
11.75	8.3564e-50
11.8	6.96622e-50
11.85	1.25836e-50
11.9	5.91649e-51
11.95	8.72579e-50
12	2.77376e-49
12.05	7.06917e-50
12.1	7.70313e-54
12.15	1.26384e-49
12.2	9.74096e-50
12.25	5.19316e-51
12.3	2.54001e-49
12.35	2.02977e-53
12.4	7.77197e-50
12.45	5.88069e-49
12.5	0
12.55	0
12.6	0
12.65	0
12.7	0
12.75	0
12.8	0
12.85	0
12.9	0
12.95	0
13	0
13.05	0
13.1	0
13.15	0
13.2	0
13.25	0
13.3	0
13.35	0
13.4	0
13.45	0
13.5	0
13.55	0
13.6	0
13.65	0
13.7	0
13.75	0
13.8	0
13.85	0
13.9	0
13.95	0
14	0
14.05	0
14.1	0
14.15	0
14.2	0
14.25	0
14.3	0
14.35	0
14.4	0
14.45	0
14.5	0
14.55	0
14.6	0
14.65	0
14.7	0
14.75	0
14.8	0
14.85	0
14.9	0
14.95	0
15	0
15.05	0
15.1	0
15.15	0
15.2	0
15.25	0
15.3	0
15.35	0
15.4	0
15.45	0
15.5	0
15.55	0
15.6	0
15.65	0
15.7	0
15.75	0
15.8	0
15.85	0
15.9	0
15.95	0
16	0
16.05	0
16.1	0
16.15	0
16.2	0
16.25	0
16.3	0
16.35	0
16.4	0
16.45	0
16.5	0
16.55	0
16.6	0
16.65	0
16.7	0
16.75	0
16.8	0
16.85	0
16.9	0
16.95	0
17	0
17.05	0
17.1	0
17.15	0
17.2	0
17.25	0
17.3	0
17.35	0
17.4	0
17.45	0
17.5	0
17.55	0
17.6	0
17.65	0
17.7	0
17.75	0
17.8	0
17.85	0
17.9	0
17.95	0
18	0
18.05	0
18.1	0
18.15	0
18.2	0
18.25	0
18.3	0
18.35	0
18.4	0
18.45	0
18.5	0
18.55	0
18.6	0
18.65	0
18.7	0
18.75	0
18.8	0
18.85	0
18.9	0
18.95	0
19	0
19.05	0
19.1	0
19.15	0
19.2	0
19.25	0
19.3	0
19.35	0
19.4	0
19.45	0
19.5	0
19.55	0
19.6	0
19.65	0
19.7	0
19.75	0
19.8	0
19.85	0
19.9	0
19.95	0
20	0
20.05	0
20.1	0
20.15	0
20.2	0
20.25	0
20.3	0
20.35	0
20.4	0
20.45	0
20.5	0
20.55	0
20.6	0
20.65	0
20.7	0
20.75	0
20.8	0
20.85	0
20.9	0
20.95	0
21	0
21.05	0
21.1	0
21.15	0
21.2	0
21.25	0
21.3	0
21.35	0
21.4	0
21.45	0
21.5	0
21.55	0
21.6	0
21.65	0
21.7	0
21.75	0
21.8	0
21.85	0
21.9	0
21.95	0
22	0
22.05	0
22.1	0
22.15	0
22.2	0
22.25	0
22.3	0
22.35	0
22.4	0
22.45	0
22.5	0
22.55	0
22.6	0
22.65	0
22.7	0
22.75	0
22.8	0
22.85	0
22.9	0
22.95	0
23	0
23.05	0
23.1	0
23.15	0
23.2	0
23.25	0
23.3	0
23.35	0
23.4	0
23.45	0
23.5	0
23.55	0
23.6	0
23.65	0
23.7	0
23.75	0
23.8	0
23.85	0
23.9	0
23.95	0
24	0
24.05	0
24.1	0
24.15	0
24.2	0
24.25	0
24.3	0
24.35	0
24.4	0
24.45	0
24.5	0
24.55	0
24.6	0
24.65	0
24.7	0
24.75	0
24.8	0
24.85	0
24.9	0
24.95	0
25	0
25.05	0
25.1	0
25.15	0
25.2	0
25.25	0
25.3	0
25.35	0
25.4	0
25.45	0
25.5	0
25.55	0
25.6	0
25.65	0
25.7	0
25.75	0
25.8	0
25.85	0
25.9	0
25.95	0
26	0
26.05	0
26.1	0
26.15	0
26.2	0
26.25	0
26.3	0
26.35	0
26.4	0
26.45	0
26.5	0
26.55	0
26.6	0
26.65	0
26.7	0
26.75	0
26.8	0
26.85	0
26.9	0
26.95	0
27	0
27.05	0
27.1	0
27.15	0
27.2	0
27.25	0
27.3	0
27.35	0
27.4	0
27.45	0
27.5	0
27.55	0
27.6	0
27.65	0
27.7	0
27.75	0
27.8	0
27.85	0
27.9	0
27.95	0
28	0
28.05	0
28.1	0
28.15	0
28.2	0
28.25	0
28.3	0
28.35	0
28.4	0
28.45	0
28.5	0
28.55	0
28.6	0
28.65	0
28.7	0
28.75	0
28.8	0
28.85	0
28.9	0
28.95	0
29	0
29.05	0
29.1	0
29.15	0
29.2	0
29.25	0
29.3	0
29.35	0
29.4	0
29.45	0
29.5	0
29.55	0
29.6	0
29.65	0
29.7	0
29.75	0
29.8	0
29.85	0
29.9	0
29.95	0
30	0
30.05	0
30.1	0
30.15	0
30.2	0
30.25	0
30.3	0
30.35	0
30.4	0
30.45	0
30.5	0
30.55	0
30.6	0
30.65	0
30.7	0
30.75	0
30.8	0
30.85	0
30.9	0
30.95	0
31	0
31.05	0
31.1	0
31.15	0
31.2	0
31.25	0
31.3	0
31.35	0
31.4	0
31.45	0
31.5	0
31.55	0
31.6	0
31.65	0
31.7	0
31.75	0
31.8	0
31.85	0
31.9	0
31.95	0
32	0
32.05	0
32.1	0
32.15	0
32.2	0
32.25	0
32.3	0
32.35	0
32.4	0
32.45	0
32.5	0
32.55	0
32.6	0
32.65	0
32.7	0
32.75	0
32.8	0
32.85	0
32.9	0
32.95	0
33	0
33.05	0
33.1	0
33.15	0
33.2	0
33.25	0
33.3	0
33.35	0
33.4	0
33.45	0
33.5	0
33.55	0
33.6	0
33.65	0
33.7	0
33.75	0
33.8	0
33.85	0
33.9	0
33.95	0
34	0
34.05	0
34.1	0
34.15	0
34.2	0
34.25	0
34.3	0
34.35	0
34.4	0
34.45	0
34.5	0
34.55	0
34.6	0
34.65	0
34.7	0
34.75	0
34.8	0
34.85	0
34.9	0
34.95	0
35	0
35.05	0
35.1	0
35.15	0
35.2	0
35.25	0
35.3	0
35.35	0
35.4	0
35.45	0
35.5	0
35.55	0
35.6	0
35.65	0
35.7	0
35.75	0
35.8	0
35.85	0
35.9	0
35.95	0
36	0
36.05	0
36.1	0
36.15	0
36.2	0
36.25	0
36.3	0
36.35	0
36.4	0
36.45	0
36.5	0
36.55	0
36.6	0
36.65	0
36.7	0
36.75	0
36.8	0
36.85	0
36.9	0
36.95	0
37	0
37.05	0
37.1	0
37.15	0
37.2	0
37.25	0
37.3	0
37.35	0
37.4	0
37.45	0
37.5	0
37.55	0
37.6	0
37.65	0
37.7	0
37.75	0
37.8	0
37.85	0
37.9	0
37.95	0
38	0
38.05	0
38.1	0
38.15	0
38.2	0
38.25	0
38.3	0
38.35	0
38.4	0
38.45	0
38.5	0
38.55	0
38.6	0
38.65	0
38.7	0
38.75	0
38.8	0
38.85	0
38.9	0
38.95	0
39	0
39.05	0
39.1	0
39.15	0
39.2	0
39.25	0
39.3	0
39.35	0
39.4	0
39.45	0
39.5	0
39.55	0
39.6	0
39.65	0
39.7	0
39.75	0
39.8	0
39.85	0
39.9	0
39.95	0
40	0
40.05	0
40.1	0
40.15	0
40.2	0
40.25	0
40.3	0
40.35	0
40.4	0
40.45	0
40.5	0
40.55	0
40.6	0
40.65	0
40.7	0
40.75	0
40.8	0
40.85	0
40.9	0
40.95	0
41	0
41.05	0
41.1	0
41.15	0
41.2	0
41.25	0
41.3	0
41.35	0
41.4	0
41.45	0
41.5	0
41.55	0
41.6	0
41.65	0
41.7	0
41.75	0
41.8	0
41.85	0
41.9	0
41.95	0
42	0
42.05	0
42.1	0
42.15	0
42.2	0
42.25	0
42.3	0
42.35	0
42.4	0
42.45	0
42.5	0
42.55	0
42.6	0
42.65	0
42.7	0
42.75	0
42.8	0
42.85	0
42.9	0
42.95	0
43	0
43.05	0
43.1	0
43.15	0
43.2	0
43.25	0
43.3	0
43.35	0
43.4	0
43.45	0
43.5	0
43.55	0
43.6	0
43.65	0
43.7	0
43.75	0
43.8	0
43.85	0
43.9	0
43.95	0
44	0
44.05	0
44.1	0
44.15	0
44.2	0
44.25	0
44.3	0
44.35	0
44.4	0
44.45	0
44.5	0
44.55	0
44.6	0
44.65	0
44.7	0
44.75	0
44.8	0
44.85	0
44.9	0
44.95	0
45	0
45.05	0
45.1	0
45.15	0
45.2	0
45.25	0
45.3	0
45.35	0
45.4	0
45.45	0
45.5	0
45.55	0
45.6	0
45.65	0
45.7	0
45.75	0
45.8	0
45.85	0
45.9	0
45.95	0
46	0
46.05	0
46.1	0
46.15	0
46.2	0
46.25	0
46.3	0
46.35	0
46.4	0
46.45	0
46.5	0
46.55	0
46.6	0
46.65	0
46.7	0
46.75	0
46.8	0
46.85	0
46.9	0
46.95	0
47	0
47.05	0
47.1	0
47.15	0
47.2	0
47.25	0
47.3	0
47.35	0
47.4	0
47.45	0
47.5	0
47.55	0
47.6	0
47.65	0
47.7	0
47.75	0
47.8	0
47.85	0
47.9	0
47.95	0
48	0
48.05	0
48.1	0
48.15	0
48.2	0
48.25	0
48.3	0
48.35	0
48.4	0
48.45	0
48.5	0
48.55	0
48.6	0
48.65	0
48.7	0
48.75	0
48.8	0
48.85	0
48.9	0
48.95	0
49	0
49.05	0
49.1	0
49.15	0
49.2	0
49.25	0
49.3	0
49.35	0
49.4	0
49.45	0
49.5	0
49.55	0
49.6	0
49.65	0
49.7	0
49.75	0
49.8	0
49.85	0
49.9	0
49.95	0
