0	-0.011625
0.05	-0.0237134
0.1	-0.0361547
0.15	-0.0488339
0.2	-0.0616331
0.25	-0.0744331
0.3	-0.0871152
0.35	-0.0995627
0.4	-0.111662
0.45	-0.123307
0.5	-0.134394
0.55	-0.14483
0.6	-0.154531
0.65	-0.163423
0.7	-0.17144
0.75	-0.178532
0.8	-0.184656
0.85	-0.189784
0.9	-0.193899
0.95	-0.196994
1	-0.199077
1.05	-0.200163
1.1	-0.20028
1.15	-0.199462
1.2	-0.197755
1.25	-0.195211
1.3	-0.191886
1.35	-0.187845
1.4	-0.183155
1.45	-0.177885
1.5	-0.172108
1.55	-0.165897
1.6	-0.159324
1.65	-0.152461
1.7	-0.145378
1.75	-0.138141
1.8	-0.130813
1.85	-0.123455
1.9	-0.116121
1.95	-0.108862
2	-0.101723
2.05	-0.094746
2.1	-0.087965
2.15	-0.0814107
2.2	-0.0751082
2.25	-0.069078
2.3	-0.0633358
2.35	-0.0578929
2.4	-0.0527569
2.45	-0.0479313
2.5	-0.0434164
2.55	-0.0392095
2.6	-0.0353053
2.65	-0.0316961
2.7	-0.0283724
2.75	-0.0253232
2.8	-0.0225361
2.85	-0.0199977
2.9	-0.0176943
2.95	-0.0156113
3	-0.0137343
3.05	-0.0120486
3.1	-0.0105399
3.15	-0.00919412
3.2	-0.00799763
3.25	-0.00693738
3.3	-0.00600088
3.35	-0.00517636
3.4	-0.00445274
3.45	-0.00381968
3.5	-0.00326759
3.55	-0.0027876
3.6	-0.00237159
3.65	-0.00201215
3.7	-0.00170252
3.75	-0.00143661
3.8	-0.00120894
3.85	-0.00101459
3.9	-0.000849176
3.95	-0.000708812
4	-0.000590055
4.05	-0.000489873
4.1	-0.000405609
4.15	-0.000334938
4.2	-0.000275841
4.25	-0.000226564
4.3	-0.000185593
4.35	-0.000151627
4.4	-0.000123548
4.45	-0.000100401
4.5	-8.13747e-05
4.55	-6.57793e-05
4.6	-5.30322e-05
4.65	-4.26425e-05
4.7	-3.41979e-05
4.75	-2.73534e-05
4.8	-2.18212e-05
4.85	-1.73622e-05
4.9	-1.37782e-05
4.95	-1.09053e-05
5	-8.6089e-06
5.05	-6.77829e-06
5.1	-5.32301e-06
5.15	-4.16927e-06
5.2	-3.25709e-06
5.25	-2.53787e-06
5.3	-1.97232e-06
5.35	-1.52882e-06
5.4	-1.18197e-06
5.45	-9.1144e-07
5.5	-7.01011e-07
5.55	-5.37769e-07
5.6	-4.11475e-07
5.65	-3.14027e-07
5.7	-2.39039e-07
5.75	-1.81489e-07
5.8	-1.37439e-07
5.85	-1.03813e-07
5.9	-7.82123e-08
5.95	-5.87733e-08
6	-4.40523e-08
6.05	-3.29338e-08
6.1	-2.45583e-08
6.15	-1.8266e-08
6.2	-1.35511e-08
6.25	-1.00275e-08
6.3	-7.40111e-09
6.35	-5.44869e-09
6.4	-4.00108e-09
6.45	-2.93057e-09
6.5	-2.14102e-09
6.55	-1.56019e-09
6.6	-1.13405e-09
6.65	-8.22198e-10
6.7	-5.94588e-10
6.75	-4.28895e-10
6.8	-3.0859e-10
6.85	-2.21466e-10
6.9	-1.58537e-10
6.95	-1.13202e-10
7	-8.06256e-11
7.05	-5.72785e-11
7.1	-4.05892e-11
7.15	-2.86899e-11
7.2	-2.02278e-11
7.25	-1.42256e-11
7.3	-9.97915e-12
7.35	-6.98264e-12
7.4	-4.8736e-12
7.45	-3.393e-12
7.5	-2.35625e-12
7.55	-1.63217e-12
7.6	-1.12775e-12
7.65	-7.77266e-13
7.7	-5.34358e-13
7.75	-3.6644e-13
7.8	-2.50657e-13
7.85	-1.71028e-13
7.9	-1.16403e-13
7.95	-7.90258e-14
8	-5.35162e-14
8.05	-3.61503e-14
8.1	-2.43585e-14
8.15	-1.63719e-14
8.2	-1.09765e-14
8.25	-7.34072e-15
8.3	-4.89697e-15
8.35	-3.2586e-15
8.4	-2.16296e-15
8.45	-1.43213e-15
8.5	-9.45868e-16
8.55	-6.23153e-16
8.6	-4.09521e-16
8.65	-2.68457e-16
8.7	-1.75546e-16
8.75	-1.14505e-16
8.8	-7.45037e-17
8.85	-4.8356e-17
8.9	-3.1307e-17
8.95	-2.02187e-17
9	-1.30253e-17
9.05	-8.37028e-18
9.1	-5.36556e-18
9.15	-3.43094e-18
9.2	-2.18843e-18
9.25	-1.39244e-18
9.3	-8.83776e-19
9.35	-5.59542e-19
9.4	-3.53385e-19
9.45	-2.22632e-19
9.5	-1.39912e-19
9.55	-8.77095e-20
9.6	-5.48486e-20
9.65	-3.42149e-20
9.7	-2.12902e-20
9.75	-1.32151e-20
9.8	-8.18301e-21
9.85	-5.05419e-21
9.9	-3.11426e-21
9.95	-1.9135e-21
10	-1.17326e-21
10.05	-7.17174e-22
10.1	-4.37544e-22
10.15	-2.6666e-22
10.2	-1.62128e-22
10.25	-9.8603e-23
10.3	-5.90512e-23
10.35	-3.5529e-23
10.4	-2.14091e-23
10.45	-1.30767e-23
10.5	-7.79282e-24
10.55	-4.65759e-24
10.6	-3.16374e-24
10.65	-1.50957e-24
10.7	-1.14682e-24
10.75	-1.46669e-25
10.8	-5.56473e-25
10.85	4.11645e-25
10.9	2.88963e-25
10.95	4.5826e-25
11	6.85795e-25
11.05	1.23109e-24
11.1	7.34519e-25
11.15	9.23362e-25
11.2	-8.04678e-26
11.25	1.54556e-26
11.3	-5.05887e-27
11.35	1.03289e-24
11.4	-2.50908e-26
11.45	5.469e-25
11.5	-6.48474e-25
11.55	1.3958e-26
11.6	-2.75757e-25
11.65	6.20668e-26
11.7	7.05977e-26
11.75	2.89074e-25
11.8	-2.63936e-25
11.85	1.12177e-25
11.9	7.69187e-26
11.95	-2.95394e-25
12	5.26665e-25
12.05	-2.65879e-25
12.1	-2.77545e-27
12.15	-3.55506e-25
12.2	3.12105e-25
12.25	7.20636e-26
12.3	5.03985e-25
12.35	4.50529e-27
12.4	2.78783e-25
12.45	7.66857e-25
12.5	0
12.55	0
12.6	0
12.65	0
12.7	0
12.75	0
12.8	0
12.85	0
12.9	0
12.95	0
13	0
13.05	0
13.1	0
13.15	0
13.2	0
13.25	0
13.3	0
13.35	0
13.4	0
13.45	0
13.5	0
13.55	0
13.6	0
13.65	0
13.7	0
13.75	0
13.8	0
13.85	0
13.9	0
13.95	0
14	0
14.05	0
14.1	0
14.15	0
14.2	0
14.25	0
14.3	0
14.35	0
14.4	0
14.45	0
14.5	0
14.55	0
14.6	0
14.65	0
14.7	0
14.75	0
14.8	0
14.85	0
14.9	0
14.95	0
15	0
15.05	0
15.1	0
15.15	0
15.2	0
15.25	0
15.3	0
15.35	0
15.4	0
15.45	0
15.5	0
15.55	0
15.6	0
15.65	0
15.7	0
15.75	0
15.8	0
15.85	0
15.9	0
15.95	0
16	0
16.05	0
16.1	0
16.15	0
16.2	0
16.25	0
16.3	0
16.35	0
16.4	0
16.45	0
16.5	0
16.55	0
16.6	0
16.65	0
16.7	0
16.75	0
16.8	0
16.85	0
16.9	0
16.95	0
17	0
17.05	0
17.1	0
17.15	0
17.2	0
17.25	0
17.3	0
17.35	0
17.4	0
17.45	0
17.5	0
17.55	0
17.6	0
17.65	0
17.7	0
17.75	0
17.8	0
17.85	0
17.9	0
17.95	0
18	0
18.05	0
18.1	0
18.15	0
18.2	0
18.25	0
18.3	0
18.35	0
18.4	0
18.45	0
18.5	0
18.55	0
18.6	0
18.65	0
18.7	0
18.75	0
18.8	0
18.85	0
18.9	0
18.95	0
19	0
19.05	0
19.1	0
19.15	0
19.2	0
19.25	0
19.3	0
19.35	0
19.4	0
19.45	0
19.5	0
19.55	0
19.6	0
19.65	0
19.7	0
19.75	0
19.8	0
19.85	0
19.9	0
19.95	0
20	0
20.05	0
20.1	0
20.15	0
20.2	0
20.25	0
20.3	0
20.35	0
20.4	0
20.45	0
20.5	0
20.55	0
20.6	0
20.65	0
20.7	0
20.75	0
20.8	0
20.85	0
20.9	0
20.95	0
21	0
21.05	0
21.1	0
21.15	0
21.2	0
21.25	0
21.3	0
21.35	0
21.4	0
21.45	0
21.5	0
21.55	0
21.6	0
21.65	0
21.7	0
21.75	0
21.8	0
21.85	0
21.9	0
21.95	0
22	0
22.05	0
22.1	0
22.15	0
22.2	0
22.25	0
22.3	0
22.35	0
22.4	0
22.45	0
22.5	0
22.55	0
22.6	0
22.65	0
22.7	0
22.75	0
22.8	0
22.85	0
22.9	0
22.95	0
23	0
23.05	0
23.1	0
23.15	0
23.2	0
23.25	0
23.3	0
23.35	0
23.4	0
23.45	0
23.5	0
23.55	0
23.6	0
23.65	0
23.7	0
23.75	0
23.8	0
23.85	0
23.9	0
23.95	0
24	0
24.05	0
24.1	0
24.15	0
24.2	0
24.25	0
24.3	0
24.35	0
24.4	0
24.45	0
24.5	0
24.55	0
24.6	0
24.65	0
24.7	0
24.75	0
24.8	0
24.85	0
24.9	0
24.95	0
25	0
25.05	0
25.1	0
25.15	0
25.2	0
25.25	0
25.3	0
25.35	0
25.4	0
25.45	0
25.5	0
25.55	0
25.6	0
25.65	0
25.7	0
25.75	0
25.8	0
25.85	0
25.9	0
25.95	0
26	0
26.05	0
26.1	0
26.15	0
26.2	0
26.25	0
26.3	0
26.35	0
26.4	0
26.45	0
26.5	0
26.55	0
26.6	0
26.65	0
26.7	0
26.75	0
26.8	0
26.85	0
26.9	0
26.95	0
27	0
27.05	0
27.1	0
27.15	0
27.2	0
27.25	0
27.3	0
27.35	0
27.4	0
27.45	0
27.5	0
27.55	0
27.6	0
27.65	0
27.7	0
27.75	0
27.8	0
27.85	0
27.9	0
27.95	0
28	0
28.05	0
28.1	0
28.15	0
28.2	0
28.25	0
28.3	0
28.35	0
28.4	0
28.45	0
28.5	0
28.55	0
28.6	0
28.65	0
28.7	0
28.75	0
28.8	0
28.85	0
28.9	0
28.95	0
29	0
29.05	0
29.1	0
29.15	0
29.2	0
29.25	0
29.3	0
29.35	0
29.4	0
29.45	0
29.5	0
29.55	0
29.6	0
29.65	0
29.7	0
29.75	0
29.8	0
29.85	0
29.9	0
29.95	0
30	0
30.05	0
30.1	0
30.15	0
30.2	0
30.25	0
30.3	0
30.35	0
30.4	0
30.45	0
30.5	0
30.55	0
30.6	0
30.65	0
30.7	0
30.75	0
30.8	0
30.85	0
30.9	0
30.95	0
31	0
31.05	0
31.1	0
31.15	0
31.2	0
31.25	0
31.3	0
31.35	0
31.4	0
31.45	0
31.5	0
31.55	0
31.6	0
31.65	0
31.7	0
31.75	0
31.8	0
31.85	0
31.9	0
31.95	0
32	0
32.05	0
32.1	0
32.15	0
32.2	0
32.25	0
32.3	0
32.35	0
32.4	0
32.45	0
32.5	0
32.55	0
32.6	0
32.65	0
32.7	0
32.75	0
32.8	0
32.85	0
32.9	0
32.95	0
33	0
33.05	0
33.1	0
33.15	0
33.2	0
33.25	0
33.3	0
33.35	0
33.4	0
33.45	0
33.5	0
33.55	0
33.6	0
33.65	0
33.7	0
33.75	0
33.8	0
33.85	0
33.9	0
33.95	0
34	0
34.05	0
34.1	0
34.15	0
34.2	0
34.25	0
34.3	0
34.35	0
34.4	0
34.45	0
34.5	0
34.55	0
34.6	0
34.65	0
34.7	0
34.75	0
34.8	0
34.85	0
34.9	0
34.95	0
35	0
35.05	0
35.1	0
35.15	0
35.2	0
35.25	0
35.3	0
35.35	0
35.4	0
35.45	0
35.5	0
35.55	0
35.6	0
35.65	0
35.7	0
35.75	0
35.8	0
35.85	0
35.9	0
35.95	0
36	0
36.05	0
36.1	0
36.15	0
36.2	0
36.25	0
36.3	0
36.35	0
36.4	0
36.45	0
36.5	0
36.55	0
36.6	0
36.65	0
36.7	0
36.75	0
36.8	0
36.85	0
36.9	0
36.95	0
37	0
37.05	0
37.1	0
37.15	0
37.2	0
37.25	0
37.3	0
37.35	0
37.4	0
37.45	0
37.5	0
37.55	0
37.6	0
37.65	0
37.7	0
37.75	0
37.8	0
37.85	0
37.9	0
37.95	0
38	0
38.05	0
38.1	0
38.15	0
38.2	0
38.25	0
38.3	0
38.35	0
38.4	0
38.45	0
38.5	0
38.55	0
38.6	0
38.65	0
38.7	0
38.75	0
38.8	0
38.85	0
38.9	0
38.95	0
39	0
39.05	0
39.1	0
39.15	0
39.2	0
39.25	0
39.3	0
39.35	0
39.4	0
39.45	0
39.5	0
39.55	0
39.6	0
39.65	0
39.7	0
39.75	0
39.8	0
39.85	0
39.9	0
39.95	0
40	0
40.05	0
40.1	0
40.15	0
40.2	0
40.25	0
40.3	0
40.35	0
40.4	0
40.45	0
40.5	0
40.55	0
40.6	0
40.65	0
40.7	0
40.75	0
40.8	0
40.85	0
40.9	0
40.95	0
41	0
41.05	0
41.1	0
41.15	0
41.2	0
41.25	0
41.3	0
41.35	0
41.4	0
41.45	0
41.5	0
41.55	0
41.6	0
41.65	0
41.7	0
41.75	0
41.8	0
41.85	0
41.9	0
41.95	0
42	0
42.05	0
42.1	0
42.15	0
42.2	0
42.25	0
42.3	0
42.35	0
42.4	0
42.45	0
42.5	0
42.55	0
42.6	0
42.65	0
42.7	0
42.75	0
42.8	0
42.85	0
42.9	0
42.95	0
43	0
43.05	0
43.1	0
43.15	0
43.2	0
43.25	0
43.3	0
43.35	0
43.4	0
43.45	0
43.5	0
43.55	0
43.6	0
43.65	0
43.7	0
43.75	0
43.8	0
43.85	0
43.9	0
43.95	0
44	0
44.05	0
44.1	0
44.15	0
44.2	0
44.25	0
44.3	0
44.35	0
44.4	0
44.45	0
44.5	0
44.55	0
44.6	0
44.65	0
44.7	0
44.75	0
44.8	0
44.85	0
44.9	0
44.95	0
45	0
45.05	0
45.1	0
45.15	0
45.2	0
45.25	0
45.3	0
45.35	0
45.4	0
45.45	0
45.5	0
45.55	0
45.6	0
45.65	0
45.7	0
45.75	0
45.8	0
45.85	0
45.9	0
45.95	0
46	0
46.05	0
46.1	0
46.15	0
46.2	0
46.25	0
46.3	0
46.35	0
46.4	0
46.45	0
46.5	0
46.55	0
46.6	0
46.65	0
46.7	0
46.75	0
46.8	0
46.85	0
46.9	0
46.95	0
47	0
47.05	0
47.1	0
47.15	0
47.2	0
47.25	0
47.3	0
47.35	0
47.4	0
47.45	0
47.5	0
47.55	0
47.6	0
47.65	0
47.7	0
47.75	0
47.8	0
47.85	0
47.9	0
47.95	0
48	0
48.05	0
48.1	0
48.15	0
48.2	0
48.25	0
48.3	0
48.35	0
48.4	0
48.45	0
48.5	0
48.55	0
48.6	0
48.65	0
48.7	0
48.75	0
48.8	0
48.85	0
48.9	0
48.95	0
49	0
49.05	0
49.1	0
49.15	0
49.2	0
49.25	0
49.3	0
49.35	0
49.4	0
49.45	0
49.5	0
49.55	0
49.6	0
49.65	0
49.7	0
49.75	0
49.8	0
49.85	0
49.9	0
49.95	0
